3 0.144531 0.531250 0.095312 0.076389
3 0.176563 0.531944 0.031250 0.069444
3 0.167969 0.534028 0.046875 0.065278
3 0.158594 0.531944 0.060937 0.066667
3 0.152734 0.532639 0.074219 0.068056
3 0.106250 0.532639 0.020313 0.076389
3 0.152344 0.529861 0.017188 0.068056
3 0.144141 0.543750 0.094531 0.048611
3 0.176953 0.544444 0.030469 0.044444
2 0.379297 0.638194 0.064844 0.115278
2 0.518359 0.611111 0.046094 0.108333
2 0.379688 0.619444 0.067187 0.152778
2 0.493359 0.575000 0.025781 0.091667
2 0.493359 0.557639 0.025781 0.123611
2 0.644141 0.535417 0.021094 0.045833
2 0.035547 0.572917 0.035156 0.062500
2 0.072656 0.559722 0.028125 0.058333
0 0.140625 0.809722 0.107813 0.075000
6 0.313672 0.811111 0.161719 0.144444
