3 0.155078 0.536111 0.088281 0.075000
3 0.184375 0.537500 0.031250 0.075000
3 0.175000 0.537500 0.048438 0.075000
3 0.167969 0.538194 0.062500 0.068056
3 0.161328 0.538194 0.075781 0.065278
3 0.159375 0.536111 0.017188 0.069444
3 0.156250 0.550000 0.090625 0.050000
3 0.183984 0.549306 0.032031 0.048611
2 0.379688 0.652083 0.075000 0.123611
2 0.381250 0.634028 0.075000 0.165278
2 0.541797 0.623611 0.047656 0.122222
2 0.504297 0.583333 0.030469 0.094444
2 0.665625 0.544444 0.025000 0.058333
2 0.058203 0.572222 0.033594 0.061111
2 0.098828 0.564583 0.025781 0.048611
0 0.177734 0.786111 0.136719 0.127778
6 0.343359 0.818056 0.111719 0.091667
