3 0.211719 0.549306 0.012500 0.081944
3 0.196875 0.545139 0.015625 0.079167
3 0.184375 0.545139 0.010937 0.081944
3 0.173437 0.545139 0.010937 0.079167
3 0.192969 0.547917 0.050000 0.081944
3 0.193750 0.561806 0.050000 0.048611
2 0.290625 0.606944 0.032813 0.077778
2 0.325391 0.593056 0.027344 0.077778
2 0.548047 0.564583 0.035156 0.079167
2 0.548047 0.580556 0.035156 0.069444
2 0.562891 0.643750 0.066406 0.123611
2 0.614453 0.704167 0.066406 0.113889
2 0.528906 0.875000 0.176563 0.250000
2 0.917578 0.857639 0.147656 0.284722
2 0.900391 0.802778 0.114844 0.394444
2 0.787500 0.557639 0.021875 0.043056
2 0.855469 0.560417 0.025000 0.051389
