3 0.248828 0.551389 0.033594 0.086111
3 0.223828 0.549306 0.016406 0.087500
3 0.240625 0.551389 0.050000 0.086111
3 0.239844 0.567361 0.050000 0.054167
3 0.248828 0.565972 0.033594 0.048611
2 0.542578 0.583333 0.032031 0.063889
2 0.543359 0.570833 0.033594 0.083333
2 0.326172 0.611111 0.033594 0.088889
2 0.358984 0.590278 0.030469 0.066667
2 0.586328 0.648611 0.066406 0.155556
2 0.578516 0.891667 0.244531 0.216667
2 0.670312 0.734722 0.062500 0.136111
2 0.957812 0.870139 0.084375 0.259722
2 0.882422 0.567361 0.025781 0.062500
