3 0.221484 0.551389 0.022656 0.080556
3 0.210547 0.548611 0.013281 0.083333
3 0.215625 0.552083 0.034375 0.081944
3 0.189844 0.550694 0.017188 0.076389
3 0.207031 0.554167 0.050000 0.083333
3 0.206641 0.568056 0.050781 0.047222
2 0.391016 0.624306 0.033594 0.084722
2 0.413672 0.600694 0.028906 0.076389
2 0.514062 0.586111 0.021875 0.072222
2 0.514453 0.575000 0.022656 0.094444
2 0.617578 0.663194 0.085156 0.173611
2 0.615234 0.677083 0.086719 0.143056
2 0.723828 0.716667 0.082031 0.202778
2 0.736328 0.681944 0.053906 0.280556
2 0.675000 0.947917 0.279687 0.104167
