3 0.250391 0.557639 0.033594 0.087500
3 0.225781 0.555556 0.015625 0.091667
3 0.242578 0.558333 0.049219 0.091667
3 0.239453 0.558333 0.057031 0.088889
3 0.234766 0.557639 0.064844 0.090278
3 0.232031 0.556250 0.071875 0.093056
3 0.188672 0.557639 0.014844 0.090278
3 0.223828 0.558333 0.088281 0.091667
3 0.251563 0.572917 0.032813 0.054167
3 0.224609 0.572917 0.086719 0.059722
2 0.428516 0.630556 0.041406 0.088889
2 0.498437 0.590278 0.031250 0.063889
2 0.639062 0.690972 0.087500 0.170833
2 0.636719 0.677778 0.087500 0.202778
2 0.755859 0.747222 0.096094 0.230556
2 0.862109 0.563194 0.017969 0.045833
2 0.934375 0.574306 0.031250 0.062500
