3 0.223828 0.560417 0.035156 0.087500
3 0.196484 0.559028 0.017969 0.093056
3 0.207422 0.560417 0.067969 0.093056
3 0.214844 0.560417 0.054688 0.090278
3 0.201953 0.558333 0.078906 0.094444
3 0.156641 0.557639 0.011719 0.087500
3 0.195312 0.559722 0.090625 0.091667
3 0.223828 0.577778 0.035156 0.061111
3 0.195703 0.577778 0.091406 0.061111
2 0.446484 0.586111 0.021094 0.072222
2 0.447656 0.579861 0.023438 0.090278
2 0.547656 0.652778 0.045312 0.100000
2 0.548828 0.626389 0.039844 0.161111
2 0.849609 0.818056 0.130469 0.302778
2 0.943359 0.575000 0.028906 0.058333
