3 0.216016 0.560417 0.036719 0.095833
3 0.187109 0.559722 0.017969 0.097222
3 0.206250 0.562500 0.059375 0.097222
3 0.198828 0.560417 0.072656 0.101389
3 0.192969 0.561111 0.084375 0.102778
3 0.142969 0.561806 0.012500 0.095833
3 0.185938 0.562500 0.098437 0.097222
3 0.216797 0.579861 0.036719 0.059722
3 0.187109 0.581944 0.097656 0.058333
2 0.430469 0.587500 0.021875 0.055556
2 0.430078 0.571528 0.022656 0.081944
2 0.603125 0.669444 0.045312 0.125000
2 0.603906 0.637500 0.040625 0.183333
2 0.712500 0.745833 0.100000 0.213889
2 0.712891 0.707639 0.100781 0.295833
