3 0.153906 0.563889 0.104688 0.108333
3 0.184375 0.565278 0.043750 0.102778
3 0.184375 0.583333 0.045312 0.066667
3 0.154297 0.583333 0.105469 0.066667
3 0.152734 0.564583 0.016406 0.101389
3 0.175391 0.567361 0.063281 0.104167
3 0.167187 0.562500 0.079687 0.105556
3 0.160938 0.563194 0.090625 0.104167
2 0.396484 0.585417 0.022656 0.062500
2 0.397266 0.565278 0.024219 0.080556
2 0.639844 0.672917 0.050000 0.120833
2 0.639062 0.638194 0.046875 0.187500
2 0.711719 0.760417 0.098437 0.231944
2 0.715234 0.715972 0.096094 0.312500
2 0.864062 0.572917 0.020313 0.051389
2 0.926953 0.852778 0.146094 0.294444
2 0.935937 0.773611 0.118750 0.425000
