3 0.179688 0.534028 0.068750 0.068056
3 0.199609 0.535417 0.030469 0.068056
3 0.191016 0.536111 0.046094 0.061111
3 0.184375 0.536111 0.059375 0.061111
3 0.179297 0.545139 0.069531 0.045833
3 0.199609 0.546528 0.028906 0.040278
2 0.094922 0.576389 0.030469 0.063889
2 0.131641 0.563194 0.027344 0.048611
2 0.392578 0.652083 0.080469 0.154167
2 0.527344 0.588889 0.039062 0.097222
2 0.573438 0.632639 0.051562 0.134722
2 0.579297 0.604861 0.042969 0.181944
2 0.697266 0.541667 0.024219 0.055556
0 0.200781 0.767361 0.079687 0.073611
