3 0.116406 0.570833 0.048438 0.116667
3 0.116406 0.591667 0.048438 0.069444
3 0.085938 0.592361 0.112500 0.070833
3 0.080078 0.571528 0.022656 0.118056
3 0.105469 0.570139 0.073438 0.115278
3 0.096094 0.570139 0.090625 0.112500
3 0.084375 0.568750 0.110937 0.115278
3 0.039844 0.569444 0.023438 0.111111
2 0.333594 0.590972 0.026562 0.073611
2 0.334375 0.579167 0.025000 0.097222
2 0.655469 0.679861 0.051562 0.129167
2 0.655078 0.636111 0.052344 0.194444
2 0.687109 0.788194 0.100781 0.248611
2 0.683594 0.731250 0.104688 0.362500
2 0.823047 0.565278 0.016406 0.038889
2 0.921484 0.856944 0.157031 0.286111
2 0.922266 0.784028 0.155469 0.431944
