3 0.939844 0.727083 0.115625 0.362500
3 0.860938 0.706250 0.053125 0.320833
3 0.817187 0.675000 0.037500 0.300000
3 0.787500 0.654861 0.028125 0.262500
3 0.760938 0.647222 0.023438 0.263889
3 0.702734 0.604167 0.035156 0.191667
3 0.734766 0.629861 0.028906 0.248611
3 0.942969 0.805556 0.112500 0.208333
3 0.841406 0.754861 0.314063 0.315278
3 0.916016 0.729167 0.166406 0.363889
3 0.899609 0.722917 0.200781 0.368056
3 0.885938 0.720139 0.226562 0.387500
3 0.873437 0.714583 0.246875 0.395833
3 0.858984 0.711806 0.277344 0.404167
3 0.841016 0.711111 0.313281 0.402778
